name: face_sorter
channels:
  - conda-forge
  - defaults
dependencies:
  - blas=2.117=openblas
  - blas-devel=3.9.0=17_osx64_openblas
  - bzip2=1.0.8=h0d85af4_4
  - ca-certificates=2023.5.7=h8857fd0_0
  - cairo=1.16.0=h0ab9d94_1001
  - eigen=3.4.0=h940c156_0
  - ffmpeg=4.2.2=h97e5cf8_0
  - fontconfig=2.13.94=h10f422b_0
  - freetype=2.10.4=h4cff582_1
  - gettext=0.21.1=h8a4c099_0
  - giflib=5.2.1=hb7f2c08_3
  - glib=2.69.1=hfff2838_2
  - gmp=6.2.1=h2e338ed_0
  - gnutls=3.6.15=hed9c0bf_0
  - graphite2=1.3.14=he9d5cce_1
  - gst-plugins-base=1.14.1=hcec6c5f_1
  - gstreamer=1.14.1=h6c40b1e_1
  - harfbuzz=4.3.0=hffc734d_1
  - hdf5=1.10.6=h10fe05b_1
  - icu=58.2=h0a44026_1000
  - jpeg=9e=hb7f2c08_3
  - krb5=1.20.1=h049b76e_0
  - lame=3.100=hb7f2c08_1003
  - lerc=3.0=he9d5cce_0
  - libblas=3.9.0=17_osx64_openblas
  - libcblas=3.9.0=17_osx64_openblas
  - libclang=12.0.0=default_hbc2896b_2
  - libcxx=14.0.6=h9765a3e_0
  - libdeflate=1.17=hac1461d_0
  - libedit=3.1.20191231=h0678c8f_2
  - libffi=3.4.4=hecd8cb5_0
  - libgfortran=5.0.0=11_3_0_h97931a8_31
  - libgfortran5=12.2.0=he409387_31
  - libiconv=1.17=hac89ed1_0
  - libidn2=2.3.4=hb7f2c08_0
  - liblapack=3.9.0=17_osx64_openblas
  - liblapacke=3.9.0=17_osx64_openblas
  - libllvm12=12.0.1=hd011deb_2
  - libopenblas=0.3.23=openmp_h429af6e_0
  - libopus=1.3.1=hc929b4f_1
  - libpng=1.6.39=h6c40b1e_0
  - libpq=12.15=h04015c4_1
  - libtasn1=4.19.0=hb7f2c08_0
  - libtiff=4.5.0=hcec6c5f_2
  - libunistring=0.9.10=h0d85af4_0
  - libvpx=1.7.0=h378b8a2_0
  - libwebp=1.2.4=h70a068d_1
  - libwebp-base=1.2.4=h6c40b1e_1
  - libxml2=2.10.3=h930c0e2_0
  - libxslt=1.1.37=h5d22bc9_0
  - llvm-openmp=16.0.6=hff08bdf_0
  - lz4-c=1.9.4=hf0c8a7f_0
  - ncurses=6.4=hcec6c5f_0
  - nettle=3.7.3=h230ac6f_1
  - nspr=4.35=hea0b92c_0
  - nss=3.89.1=hcec6c5f_0
  - openblas=0.3.23=openmp_hbefa662_0
  - opencv=4.6.0=py39h07fba90_3
  - openh264=2.1.1=h8346a28_0
  - openjpeg=2.4.0=h66ea3da_0
  - openssl=3.1.1=h8a1eda9_1
  - pcre=8.45=he49afe7_0
  - pip=23.1.2=py39hecd8cb5_0
  - pixman=0.38.0=h01d97ff_1003
  - python=3.9.16=h5ee71fb_3
  - python_abi=3.9=2_cp39
  - qt-main=5.15.2=h719ae48_7
  - qt-webengine=5.15.9=h90a370e_4
  - qtwebkit=5.212=hbfab81c_5
  - readline=8.2=hca72f7f_0
  - setuptools=67.8.0=py39hecd8cb5_0
  - sqlite=3.41.2=h6c40b1e_0
  - tk=8.6.12=h5d9f67b_0
  - tzdata=2023c=h04d1e81_0
  - wheel=0.38.4=py39hecd8cb5_0
  - x264=1!157.20191217=h1de35cc_0
  - xz=5.4.2=h6c40b1e_0
  - zlib=1.2.13=h4dc903c_0
  - zstd=1.5.5=hc035e20_0
  - pip:
    - click==8.1.3
    - dlib==19.24.2
    - face-recognition==1.3.0
    - face-recognition-models==0.3.0
    - numpy==1.25.0
    - pillow==10.0.0
prefix: /Users/chris/opt/anaconda3/envs/face_sorter
